4037  0.00460717354127
15  0.00367986412414
6634  0.00358684788269
2625  0.00328365634405
2398  0.00260863538954
2470  0.00252377181789
2237  0.00249662688203
4191  0.00226785183541
7553  0.00216973042114
5254  0.00215010057793
2328  0.00203925995343
1186  0.00203553419957
1297  0.00194584091584
4335  0.00193676243611
7620  0.0019320804228
5412  0.00191891578447
7632  0.00190774240255
4875  0.00187381334058
6946  0.00180842131601
3352  0.00178395636284
6832  0.00176818296127
2654  0.00176698202856
762  0.00174214603126
737  0.00173963395601
2066  0.00171569860263
8293  0.00170530781845
3089  0.00170201037609
28  0.0016888099696
2535  0.00166620384483
3334  0.00165696102333
214  0.00165151704943
665  0.00164306608423
4735  0.00161920337403
6774  0.00161488802203
7092  0.00160162767358
2565  0.00155117865221
5484  0.00154302117972
8042  0.00147680097722
4310  0.00146199770045
5423  0.00141762542607
1211  0.00141758059963
3456  0.00141686719288
2657  0.00136519165632
5404  0.00136395419069
5233  0.00136178362264
4712  0.00134188849507
271  0.00132625937205
4828  0.00130062478919
5079  0.00129916440294
4261  0.00128575571792
5210  0.00128029054719
8163  0.00126325432596
6914  0.00126050851344
3459  0.00125731593719
2285  0.00124166333085
1549  0.00124150902453
1842  0.00123518808087
4666  0.0012119311427
993  0.00120024881811
3084  0.00118348248333
3562  0.00117819374556
1026  0.00117288029826
5123  0.00116488098592
2958  0.00115893114936
3537  0.00114430999816
3117  0.00114380485563
2576  0.00114003967409
2643  0.00112120744117
922  0.00111005195045
5022  0.00110793614346
299  0.0011040604217
1855  0.00110147210135
3897  0.00109905018251
2651  0.00109871956682
4110  0.0010964815603
282  0.00107482370279
4600  0.00107046367632
1031  0.0010692170515
4687  0.00106846958833
7699  0.00106534413807
4536  0.0010645072912
2871  0.00106402248067
2746  0.00106384015135
3443  0.00106270198858
3755  0.00106136659471
1385  0.00105940321151
3568  0.00105170809662
5459  0.00104962180543
5543  0.0010491099766
4400  0.00104318402746
2485  0.00102955350878
1633  0.00101713592622
7890  0.00101420343208
3976  0.00101296081451
4256  0.00101159316303
1726  0.000996357768309
3238  0.000990669130797
2323  0.000986748933894
6784  0.000982099911612
3034  0.000978995674939
